2.065
2.307
2.331
2.367
2.376
2.444
2.46
2.491
2.513
2.521
2.523
2.54
2.545
2.552
2.564
2.578
2.594
2.594
2.603
2.606
2.609
2.61
2.611
2.612
2.622
2.625
2.628
2.633
2.638
2.638
2.644
2.649
2.654
2.656
2.658
2.665
2.668
2.672
2.679
2.689
2.69
2.69
2.692
2.701
2.704
2.706
2.707
2.707
2.707
2.717
2.717
2.721
2.723
2.73
2.733
2.733
2.737
2.738
2.744
2.752
2.756
2.757
2.757
2.759
2.761
2.773
2.775
2.778
2.778
2.779
2.779
2.779
2.781
2.783
2.79
2.791
2.791
2.792
2.794
2.796
2.798
2.801
2.802
2.805
2.805
2.806
2.807
2.81
2.812
2.813
2.814
2.816
2.82
2.822
2.823
2.83
2.83
2.833
2.834
2.839
2.841
2.848
2.848
2.849
2.85
2.853
2.854
2.858
2.86
2.86
2.863
2.864
2.865
2.867
2.869
2.869
2.871
2.872
2.873
2.873
2.881
2.883
2.884
2.884
2.885
2.886
2.893
2.894
2.898
2.899
2.901
2.901
2.901
2.902
2.905
2.908
2.909
2.911
2.911
2.913
2.914
2.919
2.921
2.922
2.924
2.924
2.925
2.925
2.929
2.931
2.935
2.936
2.936
2.94
2.942
2.945
2.945
2.947
2.949
2.952
2.956
2.963
2.963
2.966
2.966
2.967
2.972
2.973
2.973
2.973
2.975
2.978
2.98
2.983
2.983
2.984
2.984
2.99
2.99
2.993
2.995
2.996
2.998
3.0
3.002
3.003
3.004
3.005
3.005
3.008
3.009
3.013
3.015
3.015
3.017
3.018
3.019
3.02
3.02
3.021
3.022
3.027
3.027
3.031
3.031
3.032
3.034
3.037
3.038
3.04
3.04
3.042
3.042
3.045
3.047
3.049
3.05
3.052
3.054
3.054
3.054
3.054
3.055
3.058
3.059
3.066
3.069
3.071
3.074
3.075
3.075
3.075
3.078
3.079
3.081
3.085
3.086
3.086
3.087
3.087
3.088
3.088
3.089
3.09
3.09
3.096
3.096
3.096
3.097
3.1
3.101
3.102
3.109
3.109
3.118
3.119
3.119
3.12
3.122
3.126
3.128
3.129
3.131
3.133
3.136
3.142
3.143
3.157
3.157
3.159
3.159
3.163
3.163
3.164
3.165
3.166
3.168
3.172
3.173
3.173
3.174
3.175
3.187
3.194
3.197
3.2
3.2
3.201
3.203
3.204
3.208
3.215
3.217
3.218
3.222
3.224
3.227
3.233
3.234
3.235
3.235
3.236
3.238
3.247
3.247
3.248
3.249
3.25
3.254
3.257
3.258
3.258
3.259
3.261
3.267
3.267
3.267
3.268
3.278
3.285
3.289
3.291
3.292
3.292
3.293
3.295
3.298
3.298
3.301
3.305
3.305
3.306
3.306
3.307
3.311
3.314
3.316
3.319
3.322
3.332
3.335
3.344
3.351
3.353
3.356
3.363
3.364
3.365
3.369
3.385
3.385
3.385
3.391
3.398
3.405
3.408
3.412
3.415
3.417
3.42
3.421
3.424
3.425
3.431
3.44
3.44
3.44
3.442
3.446
3.448
3.448
3.457
3.471
3.474
3.495
3.504
3.506
3.511
3.524
3.537
3.54
3.543
3.546
3.55
3.552
3.553
3.554
3.556
3.581
3.586
3.59
3.592
3.594
3.597
3.607
3.61
3.621
3.634
3.635
3.635
3.638
3.642
3.643
3.648
3.657
3.664
3.664
3.678
3.686
3.721
3.727
3.735
3.735
3.739
3.749
3.757
3.761
3.768
3.768
3.771
3.781
3.801
3.808
3.814
3.831
3.872
3.969
4.129
4.167
4.314
